//BLACK
11111111
11111111
00000000
00000000
00000000
00000000
00000000
00000000

//WHITE
00000000
00000000
00000000
00000000
00000000
00000000
11111111
11111111

//PAWNS
00000000
11111111
00000000
00000000
00000000
00000000
11111111
00000000

//TOWERS
10000001
00000000
00000000
00000000
00000000
00000000
00000000
10000001

//KNIGHTS
01000010
00000000
00000000
00000000
00000000
00000000
00000000
01000010

//KINGS
00001000
00000000
00000000
00000000
00000000
00000000
00000000
00001000

//QUEENS
00010000
00000000
00000000
00000000
00000000
00000000
00000000
00010000

//BISHOPS
00100100
00000000
00000000
00000000
00000000
00000000
00000000
00100100

//8
11111111
00000000
00000000
00000000
00000000
00000000
00000000
00000000

//7
00000000
11111111
00000000
00000000
00000000
00000000
00000000
00000000


//6
00000000
00000000
11111111
00000000
00000000
00000000
00000000
00000000

//5
00000000
00000000
00000000
11111111
00000000
00000000
00000000
00000000

//4
00000000
00000000
00000000
00000000
11111111
00000000
00000000
00000000

//3
00000000
00000000
00000000
00000000
00000000
11111111
00000000
00000000

//2
00000000
00000000
00000000
00000000
00000000
00000000
11111111
00000000

//1
00000000
00000000
00000000
00000000
00000000
00000000
00000000
11111111

//A
10000000
10000000
10000000
10000000
10000000
10000000
10000000
10000000

//B
01000000
01000000
01000000
01000000
01000000
01000000
01000000
01000000

//C
00100000
00100000
00100000
00100000
00100000
00100000
00100000
00100000

//D
00010000
00010000
00010000
00010000
00010000
00010000
00010000
00010000

//E
00001000
00001000
00001000
00001000
00001000
00001000
00001000
00001000

//F
00000100
00000100
00000100
00000100
00000100
00000100
00000100
00000100

//G
00000010
00000010
00000010
00000010
00000010
00000010
00000010
00000010

//H
00000001
00000001
00000001
00000001
00000001
00000001
00000001
00000001
